00000000: 00100011 01101001 01101110 01100011 01101100 01110101  #inclu
00000006: 01100100 01100101 00100000 00111100 01110011 01110100  de <st
0000000c: 01100100 01101001 01101111 00101110 01101000 00111110  dio.h>
00000012: 00001010 00001010 01101001 01101110 01110100 00100000  ..int 
00000018: 01101101 01100001 01101001 01101110 00101000 01101001  main(i
0000001e: 01101110 01110100 00100000 01100001 01100111 01110010  nt agr
00000024: 01100011 00101100 00100000 01100011 01101000 01100001  c, cha
0000002a: 01110010 00101010 00100000 01100001 01110010 01100111  r* arg
00000030: 01110110 01011011 01011101 00101001 00100000 01111011  v[]) {
00000036: 00001010 00100000 00100000 00100000 00100000 01100011  .    c
0000003c: 01101000 01100001 01110010 00100000 01110011 01110100  har st
00000042: 01110010 00110000 01011011 01011101 00100000 00111101  r0[] =
00000048: 00100000 00100010 01100001 01100010 01100011 00100010   "abc"
0000004e: 00111011 00001010 00100000 00100000 00100000 00100000  ;.    
00000054: 01100011 01101000 01100001 01110010 00100000 01110011  char s
0000005a: 01110100 01110010 00110001 01011011 00110100 01011101  tr1[4]
00000060: 00100000 00111101 00100000 01111011 00110000 01111000   = {0x
00000066: 00110100 00110100 00101100 00100000 00110000 01111000  44, 0x
0000006c: 00110100 00110101 00101100 00100000 00110000 01111000  45, 0x
00000072: 00110100 00110110 00101100 00100000 00110000 01111000  46, 0x
00000078: 00110000 01111101 00111011 00001010 00001010 00100000  0};.. 
0000007e: 00100000 00100000 00100000 01100011 01101000 01100001     cha
00000084: 01110010 00101010 00100000 01110000 01110100 01110010  r* ptr
0000008a: 01011111 01110011 01110100 01110010 00110000 00100000  _str0 
00000090: 00111101 00100000 01110011 01110100 01110010 00110000  = str0
00000096: 00111011 00001010 00001010 00100000 00100000 00100000  ;..   
0000009c: 00100000 01110000 01110010 01101001 01101110 01110100   print
000000a2: 01100110 00101000 00100010 01110011 01110100 01110010  f("str
000000a8: 00110000 00100000 00111101 00100000 00100101 01110000  0 = %p
000000ae: 01011100 01110100 01110011 01110100 01110010 00110000  \tstr0
000000b4: 00100000 00111101 00100000 00100101 01110011 01011100   = %s\
000000ba: 01101110 00100010 00101100 00100000 01110000 01110100  n", pt
000000c0: 01110010 01011111 01110011 01110100 01110010 00110000  r_str0
000000c6: 00101100 00100000 01110011 01110100 01110010 00110000  , str0
000000cc: 00101001 00111011 00001010 00100000 00100000 00100000  );.   
000000d2: 00100000 01110000 01110010 01101001 01101110 01110100   print
000000d8: 01100110 00101000 00100010 01110011 01110100 01110010  f("str
000000de: 00110001 00100000 00111101 00100000 00100101 01110000  1 = %p
000000e4: 01011100 01110100 01110011 01110100 01110010 00110001  \tstr1
000000ea: 00100000 00111101 00100000 00100101 01110011 01011100   = %s\
000000f0: 01101110 00100010 00101100 00100000 01110011 01110100  n", st
000000f6: 01110010 00110001 00101100 00100000 01110011 01110100  r1, st
000000fc: 01110010 00110001 00101001 00111011 00001010 00001010  r1);..
00000102: 00100000 00100000 00100000 00100000 01110000 01110010      pr
00000108: 01101001 01101110 01110100 01100110 00101000 00100010  intf("
0000010e: 00101010 00101000 00101000 01101001 01101110 01110100  *((int
00000114: 00100000 00101010 00101001 01110011 01110100 01110010   *)str
0000011a: 00110000 00101001 00100000 00111101 00100000 00110000  0) = 0
00000120: 01111000 00100101 00110000 00110100 01111000 01011100  x%04x\
00000126: 01101110 00100010 00101100 00100000 00101010 00101000  n", *(
0000012c: 00101000 01101001 01101110 01110100 00100000 00101010  (int *
00000132: 00101001 01110011 01110100 01110010 00110000 00101001  )str0)
00000138: 00101001 00111011 00001010 00100000 00100000 00100000  );.   
0000013e: 00100000 01110000 01110010 01101001 01101110 01110100   print
00000144: 01100110 00101000 00100010 00101010 00101000 00101000  f("*((
0000014a: 01101001 01101110 01110100 00100000 00101010 00101001  int *)
00000150: 01110011 01110100 01110010 00110001 00101001 00100000  str1) 
00000156: 00111101 00100000 00110000 01111000 00100101 00110000  = 0x%0
0000015c: 00110100 01111000 01011100 01101110 00100010 00101100  4x\n",
00000162: 00100000 00101010 00101000 00101000 01101001 01101110   *((in
00000168: 01110100 00100000 00101010 00101001 01110011 01110100  t *)st
0000016e: 01110010 00110001 00101001 00101001 00111011 00001010  r1));.
00000174: 00001010 00100000 00100000 00100000 00100000 01110000  .    p
0000017a: 01110010 01101001 01101110 01110100 01100110 00101000  rintf(
00000180: 00100010 00101010 00101000 00101000 01101001 01101110  "*((in
00000186: 01110100 00100000 00101010 00101001 01110011 01110100  t *)st
0000018c: 01110010 00110000 00101001 00100000 00111101 00100000  r0) = 
00000192: 00110000 01111000 00100101 01101100 01111000 01011100  0x%lx\
00000198: 01101110 00100010 00101100 00100000 00101010 00101000  n", *(
0000019e: 00101000 01101100 01101111 01101110 01100111 00100000  (long 
000001a4: 00101010 00101001 01110011 01110100 01110010 00110000  *)str0
000001aa: 00101001 00101001 00111011 00001010 00100000 00100000  ));.  
000001b0: 00100000 00100000 01110000 01110010 01101001 01101110    prin
000001b6: 01110100 01100110 00101000 00100010 00101010 00101000  tf("*(
000001bc: 00101000 01101001 01101110 01110100 00100000 00101010  (int *
000001c2: 00101001 01110011 01110100 01110010 00110001 00101001  )str1)
000001c8: 00100000 00111101 00100000 00110000 01111000 00100101   = 0x%
000001ce: 01101100 01111000 01011100 01101110 00100010 00101100  lx\n",
000001d4: 00100000 00101010 00101000 00101000 01101100 01101111   *((lo
000001da: 01101110 01100111 00100000 00101010 00101001 01110011  ng *)s
000001e0: 01110100 01110010 00110001 00101001 00101001 00111011  tr1));
000001e6: 00001010 00001010 00100000 00100000 00100000 00100000  ..    
000001ec: 01110011 01100011 01100001 01101110 01100110 00101000  scanf(
000001f2: 00100010 00100101 01110011 00100010 00101100 00100000  "%s", 
000001f8: 01110011 01110100 01110010 00110000 00101001 00111011  str0);
000001fe: 00001010 00100000 00100000 00100000 00100000 01110000  .    p
00000204: 01110010 01101001 01101110 01110100 01100110 00101000  rintf(
0000020a: 00100010 01110011 01110100 01110010 00100000 00111101  "str =
00000210: 00100000 00100101 01110011 01011100 01101110 00100010   %s\n"
00000216: 00101100 00100000 01110011 01110100 01110010 00110000  , str0
0000021c: 00101001 00111011 00001010 00100000 00100000 00100000  );.   
00000222: 00100000 01110000 01110010 01101001 01101110 01110100   print
00000228: 01100110 00101000 00100010 00101010 00101000 00101000  f("*((
0000022e: 01101001 01101110 01110100 00100000 00101010 00101001  int *)
00000234: 00100000 01110011 01110100 01110010 00101001 00100000   str) 
0000023a: 00111101 00100000 00110000 01111000 00100101 01111000  = 0x%x
00000240: 01011100 01101110 00100010 00101100 00100000 00101010  \n", *
00000246: 00101000 00101000 01101001 01101110 01110100 00100000  ((int 
0000024c: 00101010 00101001 01110011 01110100 01110010 00110000  *)str0
00000252: 00101001 00101001 00111011 00001010 00100000 00100000  ));.  
00000258: 00100000 00100000 01110010 01100101 01110100 01110101    retu
0000025e: 01110010 01101110 00100000 00110000 00111011 00001010  rn 0;.
00000264: 01111101                                               }
